03/30/2015_10:44:57.843 1 1 1 2 3 no
03/30/2015_10:45:26.843 1 1 1 2 3 no
03/30/2015_10:45:27.843 1 2 1 2 3 no
03/30/2015_10:45:28.843 1 1 1 2 3 no
03/30/2015_10:45:29.843 1 1 1 2 3 no
03/30/2015_10:34:24.453 1 1 1 2 3 no
03/30/2015_10:35:29.937 1 2 1 2 3 no
03/30/2015_10:35:42.000 1 2 1 2 3 no
03/30/2015_10:35:47.031 1 1 1 2 3 no
03/30/2015_10:35:57.843 1 1 1 2 3 no
03/30/2015_10:35:59.078 1 1 1 2 3 no
03/30/2015_10:37:48.046 1 1 1 2 3 no
03/30/2015_10:38:14.140 1 1 1 2 3 no
03/30/2015_10:38:38.843 1 1 1 2 3 no
03/30/2015_10:38:39.843 1 1 1 2 3 no
03/30/2015_10:38:44.859 1 1 1 2 3 no
03/30/2015_10:38:45.859 1 1 1 2 3 no
03/30/2015_10:38:55.859 1 1 1 2 3 no
03/30/2015_10:38:56.859 1 1 1 2 3 no
03/30/2015_10:38:57.859 1 1 1 2 3 no
03/30/2015_10:38:58.859 1 1 1 2 3 no
03/30/2015_10:39:00.859 1 1 1 2 3 no
03/30/2015_10:39:04.859 1 1 1 2 3 no
03/30/2015_10:39:05.875 1 1 1 2 3 no
03/30/2015_10:39:06.890 1 1 1 2 3 no
03/30/2015_10:39:08.890 1 1 1 2 3 no
03/30/2015_10:39:10.890 1 1 1 2 3 no
03/30/2015_10:40:28.281 1 1 1 2 3 no
03/30/2015_10:40:32.312 1 1 1 2 3 no
03/30/2015_10:40:35.328 1 1 1 2 3 no
03/30/2015_10:40:36.328 1 2 1 2 3 no
03/30/2015_10:40:43.328 1 1 1 2 3 no
03/30/2015_10:40:44.328 1 2 1 2 3 no
03/30/2015_10:40:45.328 1 1 1 2 3 no
03/30/2015_10:40:46.328 1 2 1 2 3 no
03/30/2015_10:40:50.343 1 1 1 2 3 no
03/30/2015_10:40:51.343 1 1 1 2 3 no
03/30/2015_10:40:58.343 1 1 1 2 3 no
03/30/2015_10:41:00.359 1 1 1 2 3 no
03/30/2015_10:41:02.406 1 1 1 2 3 no
03/30/2015_10:42:38.656 1 1 1 2 3 no
03/30/2015_10:42:40.656 1 1 1 2 3 no
03/30/2015_10:42:41.656 1 1 1 2 3 no
03/30/2015_10:42:59.734 1 1 1 2 3 no
03/30/2015_10:43:00.734 1 1 1 2 3 no
03/30/2015_10:43:06.734 1 1 1 2 3 no
03/30/2015_10:43:14.171 1 1 1 2 3 no
03/30/2015_10:43:15.187 1 1 1 2 3 no
03/30/2015_10:43:16.203 1 1 1 2 3 no
03/30/2015_10:43:17.218 1 1 1 2 3 no
03/30/2015_10:43:19.218 1 1 1 2 3 no
03/30/2015_10:43:23.250 1 1 1 2 3 no
03/30/2015_10:43:24.250 1 1 1 2 3 no